# Given Solution T:O(M^2) S:O(M^2)
# 16-09-2022

class Solution:
    def maximumScore(self, nums: List[int], multipliers: List[int]) -> int:

        m = len(multipliers)

        n = len(nums)

        dp = [[0] * (m + 1) for _ in range(m + 1)]

        for op in range(m - 1, -1, -1):
            for left in range(op, -1, -1):

                dp[op][left] = max(multipliers[op] * nums[left] + dp[op + 1][left + 1],
                                   multipliers[op] * nums[n - 1 - (op - left)] + dp[op + 1][left])

        return dp[0][0]

# Solution Roval Backtrack/DP is TLE. So do Iterative DP
# 16-09-2022
class Solution:
    def maximumScore(self, nums: List[int], multipliers: List[int]) -> int:
        
        memo = {}
        def backtrack(left,right,pos):
            if (left,right,pos) in memo:
                return memo[(left,right,pos)]
            if pos==len(multipliers):
                return 0
            memo[(left,right,pos)] =  max(nums[left]*multipliers[pos] + backtrack(left+1,right,pos+1),nums[right]*multipliers[pos]+backtrack(left,right-1,pos+1))
            return memo[(left,right,pos)]
        
        return backtrack(0,len(nums)-1,0)

# [554,781,-753,-18,763,204,329,782,178,-180,-449,-929,334,358,556,176,280,-607,-220,-474,-171,-498,-986,285,138,29,-520,45,-812,845,720,232,512,-825,-792,773,909,326,-636,960,-674,-253,-412,-177,868,13,399,189,-706,-104,-935,-475,626,774,460,647,28,-959,-108,760,747,39,-502,-681,-123,-737,-702,-942,260,-96,461,875,526,708,-390,-520,791,574,-914,835,-428,812,876,508,536,-244,93,628,-710,489,-626,59,42,-694,-144,-429,490,-274,627,906,-661,-173,412,481,275,282,-404,386,-487,919,886,508,833,-972,349,730,955,824,-684,-107,-704,994,579,31,903,-100,545,845,100,-233,-633,858,230,41,-31,229,-191,880,-636,276,-624,-737,-82,-364,458,-249,-960,-938,-194,646,931,-348,-828,858,458,119,139,798,810,-881,-947,-26,628,-909,-911,-271,174,-723,-467,-116,429,-696,996,611,-147,-963,-808,201,-687,-749,-108,-103,752,-742,810,300,548,836,-277,-498,-317,393,297,-534,-736,-499,296,-702,-87,-707,-831,189,-940,44,645,-503,-809,29,818,-686,13,-107,710,138,-506,-342,269,315,952,924,907,-338,97,-589,829,132,-16,-514,-976,311,387,676,965,-811,242,685,-836,791,-296,-245,259,-607,502,824,-326,-544,992,-124,393,-623,906,414,-440,-772,-614,503,419,-92,-240,-408,616,-476,-60,266,-40,427,642,943,-101,-24,988,-638,-885,885,-853,-488,-376,-641,15,51,856,967,901,476,-265,-480,24,575,234,747,-493,108,429,303,463,-869,628,-8,-244,-442,560,676,912,858,142,658,278,-962,-557,-526,646,-378,246,-914,755,688,673,-815,-775,-129,367,-864,632,-284,978,-133,-489,-521,-132,-560,180,-614,580,-760,645,-848,245,375,578,130,858,303,969,-967,-586,204,272,748,690,-625,798,980,-766,312,569,-584,-490,-82,-836,171,401,-33,699,-472,-43,-664,328,730,-836,898,502,-651,-671,-893,-360,-455,124,-118,32,50,-62,-324,-669,-251,-418,726,0,966,-80,573,491,-45,431,-374,442,784,-110,-683,-158,994,661,975,284,-679,-779,-833,-730,516,387,747,83,-16,683,569,-565,178,-535,-36,494,-888,637,-376,-701,88,-404,-491,360,50,982,-668,594,248,807,-491,911,25,381,-423,-15,155,964,-141,-308,-662,955,875,199,167,32,743,-972,395,123,-794,-360,102,998,648,292,-988,-778,-536,-577,775,170,666,929,998,3,-732,337,372,-686,-114,-821,-546,950,-440,-13,-828,-151,-657,785,-237,-416,792,926,77,-254,-265,-150,-940,409,-203,929,-512,-714,-278,182,753,596,-684,72,-773,820,52,-156,687,-980,-23,289,-112,319,29,956,623,986,-546,-217,-307,387,-239,-379,490,-764,-722,656,155,64,402,-703,-30,-354,-395,643,136,22,-71,442,-463,-648,74,-172,-936,-854,-466,-352,463,-60,242,-47,95,-572,898,374,582,703,437,684,340,86,-411,-156,-136,291,-186,-381,246,-108,968,352,436,889,278,-702,859,16,271,496,316,-446,-848,97,184,-128,-767,-17,573,841,262,-559,570,354,-435,266,-580,701,-519,363,-903,579,81,532,-494,569,378,-364,-615,-424,235,119,990,338,-35,626,-798,-271,777,950,-340,-560,-695,652,53,-89,159,410,-402,-224,669,-416,394,331,-917,-133,-687,-932,259,873,536,-679,775,-58,-337,-300,634,212,-628,775,143,-293,281,-716,-301,-903,-411,-834,-427,256,660,-491,-210,873,242,-586,-594,-169,-710,-767,191,-102,-530,-778,-77,173,619,-832,70,473,-22,-165,64,-945,379,169,401,-669,776,576,-279,-69,-325,73,615,354,656,-709,651,-252,906,140,-7,-441,-251,-167,-19,460,990,159,-729,550,572,246,-522,-187,-852,447,196,-20,-486,593,338,-9,889,396,-533,225,-165,817,792,786,-538,632,-499,-593,334,110,816,65,791,-575,-501,-521,-312,-805,398,676,-372,-278,-105,231,-313,806,-152,-744,-60,-787,933,812,754,187,-834,485,-731,825,482,921,572,-700,262,328,154,292,-753,-3,-312,810,-11,129,773,-122,55,802,-128,-724,-594,-126,-83,591,335,-10,786,-272,-836,854,-705,909,-119,977,17,660,69,-41,825,271,171,-244,-754,163,426,-314,32,-923,-110,575,-725,685,321,729,-185,-167,-630,-513,-713,272,465,909,-988,880,-223,-203,1000,-169,-397,64,-979,-30,850,463,-920,-908,476,-128,-146,977,-38,-244,27,-413,-56,212,429,8,-96,941,322,-785,788,-601,188,-927,67,724,-118,475,-117,365,-704,-783,-25,-65,-600,-402,-386,-606,33,999,-212,289,992,-512,-345,518,290,446,168,673,908,677,102,713,626,519,117,947,-926,-794,159,181,4,-517,811,3,217,946,767,-565,-978,-463,146,681,-746,-862,-171,-344,-136,-497,-210,490,679,969,-186,-451,-671,-83,444,-552,-200,931,-650,-244,831,618,-93,-934,386,-570,32,-297,245,-890,521,158,514,-560,-628,-947,259,-806,272,-658,-591,-717,-615,-143,-290,-872,-326,845,869,-930,-818,-938,-980,-853,755,620,-315,-528,512,-205,-826,216,-917,24,-931,-487,227,147,94,-416,-791,99,-667,-641,-247,-252,355,-467,-998,-894,48,-71,-767,233,-529,957,306,139,44,-76,-62,29,-903,711,-540,918,435,-76,656,394,864,366,-319,-340,128,574,606,246,309,1000,67,522,-89,704,847,-843,-154,-258,892,832,476,-957,737,736,-117,-379,405,967,486,-479,555,-38,790,-679,-827,-520,647,-602,-787,628,-991,829,-557,-567,-150,352,-746,525,870,-974,841,13,27,283,-363,874,303,206,221,436,333,373,16,-215,-407,-176,-906,924,-880,-220,-925,694,-465,667,767,675,-838,828,-298,769,-998,532,490,981,-378,-521,-93,544,440,-920,-228,673,-836,-873,-432,141,-116,46,758,-916,349,-551,-690,-161,-364,346,-346,-893,-771,-866,-461,664,36,352,945,795,670,806,141,278,538,-902,-649,308,-273,-743,439,-709,-302,-224,-147,305,-917,729,31,565,987,-114,971,-913,-68,-220,-699,-263,-624,428,300,622,383,266,-669,-49,818,407,50,-91,325,-252,-152,669,311,447,974,-220,719,22,607,959,-473,815,478,234,239,-781,-396,-122,-591,-548,765,714,-356,964,676,898,412,-444,576,-561,48,-29,-151,377,-919,878,100,204,-478,136,90,-891,168,327,170,-44,891,633,-412,439,916,970,-695,408,-498,768,-195,-401,46,-277,-346,-507,-781,193,845,725,-656,-986,233,-517,-920,572,643,-512,114,124,-884,-93,581,910,-402,834,620,397,527,405,150,371,136,-716,201,137,965,-830,-759,-469,588,820,-749,-493,-570,-93,569,103,930,-904,88,997,539,828,817,-998,-421,458,-414,-825,965,17,-656,-300,-284,-734,502,590,219,158,-125,186,803,697,-72,756,416,177,-941,157,-252,679,-680,-603,900,142,-583,-501,-419,103,-922,-602,378,287,-482,-812,-498,-305,-14,-842,-455,122,-260,34,132,-472,473,587,-269,-574,-280,37,557,878,563,-620,-136,5,-173,-965,-111,876,760,627,-307,-700,-3,282,119,780,-70,-98,110,207,-610,226,216,149,774,-2,902,813,-470,128,600,854,-602,-465,-193,205,-847,-350,-452,-50,805,-658,-1000,-455,837,413,-380,-543,769,556,-453,-765,-292,-988,291,707,-599,380,-171,-752,421,855,713,614,-665,-47,-815,760,-227,288,-808,990,715,419,157,40,867,514,148,-945,296,-970,-34,-674,-441,567,-634,-768,499,576,-488,151,735,-426,-445,-97,-993,101,-860,-143,-29,906,983,879,843,-720,-529,-310,610,-443,729,145,590,936,922,777,783,720,243,230,842,194,-145,-495,477,312,452,896,123,-507,277,-608,201,-205,-102,-530,324,92,-524,-203,982,-136,-797,-792,470,255,548,-686,-828,801,-557,-389,-371,140,-678,44,261,-833,979,146,-998,113,-252,-350,339,94,-553,6,-671,-750,-897,-481,-763,252,485,788,-800,-994,203,-748,-676,-467,-971,-548,-336,660,105,-457,347,-439,-909,26,-525,127,664,753,-172,-535,-193,-171,-85,83,860,705,-673,147,-250,999,70,271,-644,597,65,589,-409,934,518,737,-45,154,317,209,-148,860,17,545,420,-82,-229,823,959,-227,-466,-681,52,-377,501,134,-690,-208,-663,785,-643,-57,-75,-417,-805,496,373,-203,119,-861,-951,-149,356,-902,-717,-750,238,995,95,268,-271,391,25,401,-828,904,-705,15,171,920,65,365,200,664,-859,-766,-503,563,-712,-849,-603,-676,917,348,-652,-297,505,-357,295,629,-536,-384,-739,-831,-805,138,90,874,20,166,145,82,864,-798,812,-598,-274,182,88,972,-395,322,260,-724,290,-612,929,-372,-447,-754,-968,52,-90,184,102,531,-752,315,17,-871,-606,803,-777,843,-500,-773,809,448,835,672,-330,-284,-305,-441,783,776,628,-500,989,203,-962,-165,-190,672,-20,69,325,-901,-154,725,403,-196,-213,-714,832,-474,-707,-542,-525,-583,169,904,717,-455,213,215,-403,-840,334,776,-702,529,587,-95,-835,179,-712,-970,102,-773,670,-817,-112,207,527,-715,-312,367,-677,-29,-75,291,-851,242,781,464,-347,412,-503,183,-118,558,-10,-915,-147,-484,797,-341,29,-764,790,-847,336,-563,-445,-377,342,-304,-951,607,316,61,-137,-435,390,859,-525,293,220,-294,303,-259,-989,936,-751,-818,340,462,-549,-45,492,-599,-318,684,-684,114,810,766,-90,-586,675,-680,23,318,518,-698,453,754,-918,-197,268,-251,989,137,-166,-708,-549,-27,-286,346,-211,-293,945,596,255,-128,-7,-675,-514,-526,252,383,919,-684,586,-546,-698,-310,-777,-920,-655,808,714,716,976,-312,307,624,-960,-444,-780,-500,209,-872,-360,157,-685,23,-559,146,574,-445,-303,-50,-778,-570,-273,-493,132,-613,78,65,-438,934,-655,-716,-324,-915,763,106,-120,631,139,30,347,551,-640,397,678,-565,-698,543,-577,804,763,-93,-696,-894,-514,677,-13,-599,827,-830,49,484,-167,636,-503,-602,76,-291,-485,-251,596,705,-357,-269,276,-721,145,42,-642,-618,462,-579,-165,-610,-660,-636,-689,339,-381,-648,-574,918,276,84,-398,579,-19,85,-400,583,-339,495,-855,-19,249,362,-585,87,490,-153,-353,570,687,-247,-647,-268,-777,-294,122,-195,234,619,-477,-648,122,545,722,942,846,-560,814,-988,287,-580,88,771,765,681,-471,443,998,-760,-225,958,-844,700,386,597,840,-176,-526,-799,705,-605,-226,745,193,-18,870,-293,-988,608,307,982,-245,-896,-554,-934,-521,-428,452,-900,-808,947,-573,850,765,503,-743,453,-841,-181,159,372,765,-131,527,736,-533,897,-560,-746,-99,445,29,337,82,645,-129,802,192,348,-980,-233,-112,-5,673,426,458,-775,-708,-375,463,-74,329,-674,-66,607,-146,-159,-548,461,323,490,-685,466,909,443,131,-670,-299,153,-10,697,336,-199,152,-660,256,-950,-594,-13,668,104,713,191,-863,892,608,-629,-936,-290,-424,340,-671,-404,-702,959,603,-463,-212,304,-966,934,776,4,530,737,305,840,-999,-419,-325,-194,969,-503,-874,381,-980,-267,935,-359,-447,302,589,310,26,-215,-610,-533,299,-498,-538,813,-982,343,-768,-11,360,-550,-281,49,-491,154,-612,-510,-801,-567,-617,-777,-319,-854,-364,-718,474,-3,-846,826,-380,51,88,-990,434,-538,-579,102,-635,-219,-204,475,-139,-378,316,780,-228,415,764,150,516,140,-374,739,-273,-261,629,-645,-621,991,-754,-453,-200,476,700,-875,-521,-79,-818,582,628,13,-343,370,955,175,-159,-18,-451,395,-468,-921,110,161,603,732,246,190,-666,611,933,590,42,11,962,74,-632,885,794,-401,902,918,907,579,365,499,-227,-542,28,378,646,-38,45,412,-964,761,101,-129,743,634,760,-744,-664,-26,-503,860,547,-213,301,47,335,-506,577,617,168,-120,787,549,-547,519,24,-643,801,878,558,924,-405,-60,-315,844,-379,601,776,571,931,40,-161,-838,-505,-992,-626,-495,310,-614,-879,281,570,587,-385,174,400,387,201,293,523,83,646,469,-136,539,-823,-737,954,612,-199,-713,856,-474,-825,663,798,-298,-636,400,-679,274,395,-272,432,-612,596,187,605,-303,-66,18,324,764,-464,-229,-85,-941,-942,-64,-572,43,329,-355,-910,226,95,885,595,394,944,843,-693,-410,-995,-923,-813,-711,361,-119,947,-800,811,113,-318,-315,-636,-89,489,965,505,302,997,132,604,-885,793,-739,-538,63,-569,227,562,380,-797,8,-232,-640,488,190,164,840,918,519,-961,-966,912,-212,92,-507,608,-210,371,314,752,838,160,805,433,-121,-460,88,331,-438,384,458,978,584,-524,132,768,612,-692,-48,456,-813,48,430,-840,-75,-673,-67,-871,-872,-250,167,185,631,-148,-77,355,607,-534,932,-775,-112,-410,788,-499,-211,-315,-810,-944,132,162,566,963,-943,432,-126,-366,-573,754,326,540,-558,-504,366,-550,23,-454,-67,-451,293,-398,-194,-966,113,488,-717,-688,-288,-986,617,-420,205,-734,-946,711,-474,383,290,351,108,865,170,624,531,614,-743,967,-60,-859,-642,583,-177,432,144,420,842,-299,666,-829,-509,836,378,168,-69,346,-498,-541,751,346,100,965,-718,-244,722,171,-818,-736,-431,878,-707,293,966,989,-28,-540,275,-240,377,-387,-503,163,-327,705,-837,-384,-504,-895,59,-182,254,787,-79,-309,-999,791,251,-195,261,899,891,508,3,-58,-860,509,-224,-572,-310,955,-738,409,-926,252,927,-946,-485,-959,-277,-215,957,-760,929,35,-104,31,-660,805,81,-658,-700,-87,923,-367,790,-101,603,952,-445,411,798,647,-813,952,-6,755,-806,-572,868,-502,571,-885,-593,327,-974,607,539,-394,-84,-764,-151,907,-398,-483,-312,-816,558,-788,651,-337,-256,-103,564,-753,931,-228,-297,-413,-649,-701,-549,17,-907,-231,843,287,-385,400,55,42,375,102,-783,924,-334,-669,-138,-403,-122,-91,956,-170,783,318,858,-594,886,-932,165,705,-828,-782,634,958,-973,-199,-809,982,568,353,862,-900,826,-795,680,467,759,100,-724,-235,-831,-464,919,713,-340,946,285,647,663,657,733,-950,452,915,233,145,-387,89,875,-641,692,897,-548,-187,-324,-439,510,460,173,-576,-234,-663,-114,-934,107,934,778,397,-284,6,-1,-960,-635,-633,-252,-350,-958,-936,-963,-286,439,468,-316,55,-416,-608,-894,380,756,-756,-570,637,689,410,741,618,-996,-865,-476,208,592,-474,967,836,-953,323,51,-596,-381,701,782,651,118,-492,938,713,-825,-345,-602,-337,-71,647,614,-653,233,921,955,-341,-325,162,-899,32,-186,717,672,681,325,664,151,-762,788,-972,-341,-103,-323,955,141,-279,323,-402,-124,762,-300,-322,593,841,325,-392,-406,-512,-537,569,810,25,413,-265,-583,-839,845,-283,440,-879,-348,-361,362,651,751,866,254,-664,-763,-97,919,937,-694,637,2,695,-647,-882,-927,710,-381,-801,-266,-637,618,309,178,-740,-640,488,807,661,-582,-503,220,-256,647,5,-984,326,271,98,153,-335,690,-819,377,-887,671,449,22,589,48,-86,-856,425,679,405,-392,-794,-5,-636,615,369,-800,-996,920,-613,694,48,939,967,-690,462,964,242,-83,-631,-835,-516,-977,-761,-711,-775,-85,358,-172,494,25,-227,-967,655,-38,91,89,574,-79,-677,376,-752,-428,-456,408,-124,-336,820,417,-328,302,-368,-804,-444,-712,396,-654,940,-890,-344,-129,-593,794,576,534,736,-198,-923,111,-662,856,-470,109,179,499,-896,864,-723,-313,891,-91,861,-409,109,526,190,-380,426,-167,-266,-246,986,327,-696,750,-227,-488,-686,825,-514,336,287,-703,-388,905,-804,-753,-808,89,-36,-968,673,215,-514,234,262,-942,-581,288,724,-760,-248,131,827,699,-837,-654,-698,-478,349,-420,573,-786,-315,-943,749,422,-938,-408,676,-700,-213,606,-71,-1000,406,-873,610,-487,-647,933,800,723,642,986,-106,-323,-227,-595,-786,495,118,-195,-897,-9,296,-359,57,908,-264,-252,-538,939,-409,486,-13,38,884,-726,888,-593,854,-230,-245,932,-392,-850,-911,590,202,458,-322,652,705,-369,537,749,-162,8,-250,836,-26,-901,-814,-64,-894,-779,648,-80,-616,-276,779,-64,466,68,-21,-398,436,-554,643,-455,460,405,680,533,-829,494,-221,-884,184,22,-415,428,-334,-255,-627,7,551,-204,-682,261,-916,-836,379,-949,725,-198,665,121,507,618,-830,711,809,-313,-778,27,979,727,70,-885,599,-480,347,-383,535,633,882,-492,205,895,-128,494,-403,-30,-224,623,661,434,179,-242,-612,-88,-229,-471,-358,-295,290,512,610,-799,692,-959,218,901,699,-377,991,815,769,752,815,651,698,894,683,-927,882,751,445,-686,83,228,314,454,224,148,-5,375,631,604,-388,573,375,-582,-335,265,530,132,-983,-153,-869,810,-730,-322,370,254,-397,578,-809,52,833,136,766,94,-305,174,-603,344,280,734,412,203,-786,912,-872,616,-695,-584,-567,-204,-866,-72,-352,635,-142,-84,-334,328,814,517,776,409,-819,546,565,-201,-546,937,-693,-685,982,-759,340,58,948,680,-801,33,297,-124,960,8,0,-103,-421,-940,702,-249,420,-483,988,195,605,-382,595,-435,-684,370,151,109,803,717,78,427,-210,-952,717,315,-311,859,-455,-834,102,-160,-366,-252,789,-429,-248,-540,-723,482,-1,726,-165,-745,980,951,-8,-813,740,349,391,-554,545,324,121,-38,-768,-913,875,-574,-713,-918,62,310,-62,128,-473,-570,-925,955,577,726,-758,881,665,799,-116,812,259,-730,-74,483,-181,158,669,-304,937,-577,848,863,-560,825,-907,452,265,352,357,-553,352,-310,217,570,738,-888,-343,755,36,-672,788,-486,-332,882,-521,583,-419,624,-805,-549,326,-854,651,469,-452,-343,743,864,-479,-125,-879,235,-273,299,691,-570,-241,642,-862,559,296,372,-641,-329,-677,-515,877,-693,-966,976,76,-565,-723,-178,56,-225,-197,669,378,-982,-269,-500,346,-308,604,447,-258,855,573,-874,-876,723,-48,-534,285,501,537,-741,15,-28,62,239,-186,-864,102,649,-504,45,-855,246,-356,-317,-208,471,118,-604,-898,280,-43,-669,-819,47,200,-635,953,-219,483,-129,512,-442,791,397,317,914,552,31,-39,-269,-689,153,231,41,-974,324,863,731,331,639,-569,503,-994,788,-901,-477,-228,265,-208,320,-379,-286,501,-493,-734,840,63,-323,-53,465,-589,-373,872,282,929,579,-713,857,137,532,788,-157,-634,-318,890,-109,448,-716,-109,222,-141,-395,-619,554,-369,858,530,978,-417,515,-803,484,164,443,602,-997,-593,388,851,238,-731,366,655,648,280,152,541,702,391,-228,223,-1,93,-832,341,620,-659,398,-899,-463,674,-372,654,-497,-418,722,-849,-687,-55,-12,-489,-403,669,-957,950,109,-492,927,69,138,421,-803,-486,360,3,-297,-447,-487,-607,-939,-823,-256,242,256,898,794,562,-413,672,-520,787,19,831,338,794,-647,634,-884,459,922,416,-224,-515,-118,-816,431,-217,298,825,96,613,788,-562,570,727,75,991,431,-754,-951,540,-453,387,579,-893,-15,713,964,-531,846,275,561,-97,24,-760,-367,486,-41,784,710,-515,831,752,-136,928,849,-559,-891,-636,53,-545,-371,54,-598,387,32,-226,-7,891,672,-168,542,-338,-589,-34,825,-643,-608,-801,450,112,430,649,347,-503,-532,-477,-925,443,-74,-274,-585,-16,289,-997,600,803,737,880,-239,869,-439,10,64,68,863,-620,-223,-269,632,918,246,-865,216,-516,191,591,-743,699,37,224,808,-99,-831,-125,371,394,-421,-232,636,-609,-388,-517,-169,236,-303,358,-736,463,128,248,-12,-659,989,281,958,-15,719,159,-854,222,961,569,-389,-697,-809,706,-699,-198,496,-255,-814,500,166,543,-852,-808,289,180,-558,-267,-976,-19,37,195,853,-401,676,247,-474,605,-611,611,-549,882,-535,-27,414,126,-719,667,-109,-734,7,97,114,685,-74,658,26,515,236,-657,-377,-664,-40,103,642,-281,-889,-393,-300,-850,481,-190,-299,-944,-847,-425,-465,-580,-377,-239,-998,69,173,595,353,-175,712,-651,175,-877,-582,-86,281,376,774,-289,555,773,333,-61,967,-198,346,344,-333,676,-248,-614,-483,-780,-817,-504,765,314,491,-708,-352,976,-919,261,412,-222,782,-329,-655,800,498,907,-685,-162,870,-144,612,-549,547,-581,274,-823,-688,-369,-3,-159,-90,-662,-100,839,-263,-862,716,258,-140,-271,11,598,205,-288,-982,-910,-560,6,249,-853,883,-682,-30,705,-549,-913,476,-261,592,-814,-86,-798,-199,825,493,-521,-694,-671,-94,549,-24,-253,-206,-528,-200,775,-260,936,-541,748,-150,-47,-811,-389,-940,904,93,104,9,-210,175,-817,683,-665,-583,829,326,-7,885,681,-344,75,-298,-826,-756,-298,-412,969,652,-773,670,446,-486,171,102,-646,-679,214,-827,188,-668,-349,497,-117,398,544,750,392,-590,-517,-448,-695,-547,-195,553,-488,337,122,-487,-475,-75,207,498,150,393,-502,615,152,-327,-339,590,-200,-224,228,-520,-133,961,368,-694,973,843,-130,-273,-314,496,251,209,690,-279,-583,339,755,-761,-109,-447,-757,320,-433,-570,463,-813,665,304,13,-880,622,-997,-586,37,568,273,742,438,-771,-321,-487,-743,-615,582,-691,-992,926,-870,408,771,-427,20,477,237,-321,803,-49,233,191,-663,604,918,454,-739,-172,275,810,110,907,392,650,123,-884,845,-421,-270,712,9,998,-458,689,453,909,-741,-880,840,60,471,-479,-487,23,-466,-439,948,-496,914,840,16,343,-623,-788,251,-347,275,521,-552,-249,-676,-644,-943,-769,-245,80,67,479,535,-264,-462,-860,871,505,-280,466,-629,109,581,991,969,638,-9,838,-10,252,-885,-126,-239,-10,-122,-141,853,917,355,653,-242,543,-49,885,936,349,-899,810,485,-903,-199,-984,-509,855,888,-179,279,7,116,-464,-894,680,178,-618,639,-402,910,-641,244,-442,-915,242,716,-973,394,-89,613,785,178,-94,-214,-97,-539,13,-970,-46,-957,726,197,939,429,800,-935,205,283,-925,-10,-738,-577,203,986,459,599,313,-903,-739,-516,910,-168,178,-620,349,570,2,-855,139,405,-88,-103,45,131,-850,656,-406,-790,284,-624,401,819,514,-735,-290,509,759,-799,336,-867,535,101,-636,618,779,-483,646,-500,-699,501,302,-908,620,862,629,377,230,-526,-394,-265,157,923,-367,158,255,-912,216,344,-817,272,-831,846,395,-399,482,-870,-562,104,-507,203,-816,70,-154,339,-660,-698,711,-606,-431,-366,-32,688,233,540,340,723,916,767,-604,-642,-983,-391,124,-453,-958,265,-466,-416,-84,-588,284,744,-965,-811,581,-709,-537,-902,427,-553,-373,998,-69,886,531,998,208,-610,263,353,-849,-410,321,910,262,942,-329,817,762,-601,585,-414,-458,-284,-33,-438,-537,-194,241,616,538,326,-701,569,253,250,-64,-868,-156,-965,-169,-685,-361,103,-615,-310,-998,408,-912,-86,-46,-619,-158,-508,425,448,375,-584,86,737,700,-941,-101,267,964,-533,775,-757,376,449,-383,-857,-670,445,-145,211,-364,-326,742,6,-129,607,-167,-194,-215,-624,862,218,-219,1,-506,-664,266,-428,265,-330,360,673,633,-258,-676,-720,-642,82,-702,895,83,-206,826,-963,-189,-725,458,-332,-228,462,614,-382,874,928,-716,-585,-976,166,327,-766,886,-599,909,835,-708,748,318,113,299,679,71,405,511,848,693,83,-797,55,-284,113,609,285,-510,383,-449,-702,708,-864,-222,-576,-492,817,-360,-757,-314,-705,937,-518,-968,221,-606,-150,-615,789,-504,-809,-104,-884,-76,-568,-823,882,430,464,-615,229,-407,196,-121,235,-428,761,-485,206,-971,863,-931,-525,-70,425,288,517,850,-220,858,147,-132,76,-193,-606,157,296,-188,-936,-176,-794,247,10,-586,-6,-458,-57,370,244,-698,79,-884,66,-59,985,623,-383,736,-289,270,-415,451,-816,290,-780,-847,-47,486,-758,-950,-400,84,-526,803,192,-372,-414,14,524,-870,345,949,-709,597,-258,-755,375,-696,676,-478,525,66,428,865,342,-114,987,-171,767,-779,-899,43,-711,-410,905,-872,-826,-289,-326,-955,563,-882,580,-803,722,874,-702,-268,-839,-503,-579,323,-654,236,-522,-851,144,891,211,-896,252,141,612,-901,882,-548,-57,-166,899,-258,-312,-281,-608,336,-515,322,386,229,737,-317,37,525,-569,-232,144,457,538,-31,944,-757,970,-453,85,-814,-880,644,851,-587,-530,460,73,-150,700,463,749,954,777,747,90,18,-828,990,-657,-624,-128,329,966,832,-431,9,153,-223,-275,-679,194,59,143,608,417,243,859,-629,-986,-618,-129,289,553,-546,-718,374,653,-711,986,-706,507,-149,659,-345,-772,829,133,927,-755,389,89,878,-654,-387,-712,-524,572,653,-168,-930,-348,-386,-604,-398,701,128,-632,-929,-784,170,-460,994,-358,-186,-487,617,-227,633,396,-739,349,635,845,737,-514,337,-544,-942,-692,-554,56,-633,252,740,509,-437,-906,907,-746,-724,-704,166,-255,464,-483,-545,-899,-990,-872,376,-739,-841,-711,545,-350,-264,490,-443,52,15,-1000,989,-562,-555,-824,-204,23,-702,867,-966,-658,-2,708,-880,380,279,-103,89,17,545,-233,-797,566,765,-392,90,138,622,-549,675,834,-784,178,814,-816,903,726,704,-412,891,-315,41,-237,-842,996,336,-848,-994,-894,688,552,115,-800,-536,228,56,481,-553,188,624,892,362,368,769,-789,480,-742,-115,-778,-978,556,731,850,641,762,473,-808,-69,965,-907,-219,-373,545,-801,240,-998,-10,-671,-883,-343,130,-284,732,423,-409,4,-414,-984,483,36,509,-26,192,-5,441,609,-781,-548,387,-15,523,911,-240,-934,-778,-264,-626,732,-376,1000,-357,231,-351,70,-794,741,431,824,-750,302,-824,-734,361,107,158,-401,-371,931,722,-716,527,-190,529,193,-872,893,650,559,-191,16,-767,463,-528,257,-875,743,-39,-554,767,653,630,82,-961,390,580,-414,114,-882,48,-364,656,-166,361,-786,487,-95,-648,277,841,790,53,-849,-118,-686,-333,742,138,572,-811,-336,323,700,-864,673,-317,-794,-747,-334,35,793,-405,583,533,796,-165,91,945,-949,-368,-225,-475,341,-676,898,951,-786,744,-995,181,-260,967,297,-934,-826,45,346,623,384,-573,66,599,-345,-758,-40,-581,-25,188,270,-744,-593,-595,425,432,-729,605,-139,-677,75,-319,-197,-704,-118,798,-529,-91,816,-799,-768,-354,739,788,-627,-81,249,-926,-302,847,-974,132,-448,-719,-140,-975,-540,-908,155,314,-701,469,25,525,436,158,-739,444,-613,700,-740,-273,-912,541,-79,-872,-452,499,-422,207,-777,-90,-878,154,562,-454,-773,142,909,299,595,-276,191,-477,644,57,-55,652,-882,-478,201,-263,-90,124,-131,186,284,-717,748,-413,140,198,367,723,-420,609,521,-484,384,232,350,-871,-121,449,468,-473,483,-898,519,106,488,241,964,705,-66,-141,368,727,551,-299,-796,-455,878,-814,-425,536,815,226,-516,-273,434,447,-240,83,394,-614,794,-814,335,42,-724,941,-784,-54,924,-257,-838,-845,194,-749,-913,-742,-65,40,526,979,-925,871,-871,379,895,-624,744,794,146,919,43,-761,677,-797,-88,-244,551,-957,960,557,338,143,-56,372,323,684,-39,-256,-838,-587,-600,-956,-436,320,-185,351,108,-964,-113,59,-950,-240,799,-432,-637,510,-260,-343,442,-717,-846,-835,881,232,9,-615,-532,-57,459,612,-556,-458,-912,82,224,-804,-353,915,-821,140,374,490,-789,-596,-956,-819,855,666,-85,-569,230,-353,-290,-714,975,-248,-144,-644,450,939,-647,144,199,-619,706,237,640,-841,206,-568,-384,114,-988,-520,-478,-141,84,406,-752,-899,-642,-189,-588,522,465,514,685,-63,631,-284,-822,-51,-41,237,-675,778,-436,693,533,659,-964,-318,-273,299,338,-775,530,-29,-488,247,196,795,493,248,-327,862,-210,-549,-74,-829,991,-2,315,548,-420,110,-328,710,372,2,536,379,-986,363,919,589,583,-272,-91,-82,945,-929,107,-88,770,356,-79,-85,-722,-707,864,-798,674,-663,-927,-874,325,513,996,-276,502,790,-898,-59,-70,978,-681,-194,178,-105,-573,340,-75,878,198,419,-568,-134,-26,103,687,-386,-208,871,-474,257,-553,-524,-790,406,-257,705,541,-301,-704,960,-382,283,306,-77,868,-251,985,-147,754,-975,509,190,312,558,505,-758,-599,317,611,852,521,-875,-877,-235,663,-680,107,481,737,185,-118,-12,115,-67,120,266,-340,-635,31,-656,-469,992,82,-549,-587,338,-141,641,-822,888,-768,-806,563,617,279,-760,-795,-299,-906,-844,817,-987,900,-613,-174,-260,363,450,-796,374,-206,184,-697,-728,978,-358,328,-918,-884,-134,-861,462,-314,443,-258,-74,603,-331,-389,-863,141,-929,-258,-780,-524,-484,644,-886,-431,-172,538,555,591,751,970,983,872,-934,-463,771,392,886,-70,-575,684,775,921,850,423,-563,421,187,487,-676,-453,439,-582,579,-897,880,-616,102,778,-551,-32,571,-926,-996,-782,558,-236,41,-904,953,866,-355,106,425,-998,902,-66,-946,-580,-479,-731,523,-87,606,1,391,-869,902,147,979,-731,205,-54,16,189,647,600,-176,-979,-826,-90,130,504,108,951,-210,-372,-596,-650,-470,-576,-551,793,283,-220,429,-172,638,-582,161,-575,250,-66,449,786,936,-402,-727,172,-354,-677,-229,759,125,606,501,-631,-158,-205,724,474,141,625,630,229,-804,725,-309,947,-175,199,-2,-604,904,34,-629,-388,-793,59,265,-87,534,-704,-366,-240,-381,-497,27,255,-591,625,768,-29,713,-762,566,636,951,363,-577,872,897,315,-587,119,242,527,502,452,735,-309,429,507,-381,-348,-572,98,584,-385,-848,-846,897,316,-180,298,-35,650,-168,358,-373,739,796,-621,-526,261,211,716,-830,352,-505,-652,-958,-447,72,398,-781,-660,-279,-671,-841,-378,-115,652,725,606,111,-476,-884,575,383,-756,-879,-209,-857,497,-650,-345,473,-855,998,-559,707,717,-844,-22,-475,-593,-989,989,-333,-932,955,-738,-295,664,-452,332,-87,205,48,114,132,-770,-678,-785,-3,466,29,448,135,770,-180,-803,-810,-593,-812,315,-589,-317,-298,-354,-216,176,133,-529,-556,-586,330,279,-230,-112,101,-568,60,-852,487,429,670,484,622,-597,21,-196,-716,682,777,-291,-976,253,407,582,926,30,456,-366,300,464,773,-72,430,-552,-912,229,-561,-527,-48,-925,-891,918,731,180,-840,693,-819,-279,-874,-629,-900,-384,782,-746,361,-64,628,-835,287,830,-997,717,-859,953,-898,575,-124,-138,-551,-322,443,855,220,-104,-47,764,139,-968,-232,-339,171,-896,330,796,371,862,-929,420,955,14,-639,897,586,-542,-164,-547,976,-575,741,740,144,-304,918,-742,-180,-715,7,955,128,-549,-924,574,-498,-341,213,-252,203,-670,259,-848,-834,-850,419,925,-732,762,73,-595,848,-967,848,-792,643,-6,-736,-723,823,-708,-362,-919,499,-206,542,-380,-524,527,-85,270,-936,141,-334,-893,-820,656,250,75,574,-835,677,462,-528,-698,186,-545,460,-212,-976,753,-931,-700,727,222,176,-388,905,108,-459,839,-30,363,681,-89,-500,397,-773,-406,393,-670,-121,-525,55,78,377,-253,-214,19,-56,-206,-649,328,435,-563,-902,155,139,845,-26,568,780,386,-244,-73,-726,-944,-569,-86,-894,-658,-996,-682,-508,91,-126,-617,-154,824,-205,-133,-589,-617,843,-656,-543,796,-476,415,-853,-879,-268,501,-484,974,137,348,729,499,980,51,-821,403,946,247,487,-118,-419,245,-807,466,627,-779,386,408,-487,852,69,278,-660,-601,203,571,-375,-292,171,742,886,-71,761,-325,679,-447,255,-347,2,-327,-878,-643,850,544,326,-310,-704,191,609,-814,-285,-68,-166,-83,923,-430,285,574,909,710,-60,790,401,-337,-96,572,261,-306,-24,-471,-513,-866,987,42,597,979,-279,401,428,-656,-269,616,-774,872,-696,-679,432,-438,573,364,-743,-52,-432,-944,-939,-440,623,-96,-958,-482,-273,-127,762,944,836,451,485,775,-552,646,-237,-827,543,-649,543,-304,167,703,662,-177,-267,-30,730,206,571,-533,601,704,197,-92,-83,-4,-299,911,-520,856,-187,616,-388,-405,302,-460,735,213,814,873,624,657,-842,61,171,601,-691,-584,-983,-859,-412,223,-390,378,945,183,946,-798,72,539,-331,-454,532,-858,523,623,637,-974,148,-693,-238,-707,111,426,-559,409,-169,-684,52,-392,-546,861,587,-171,-781,-504,-632,755,270,672,-337,423,686,218,-111,69,968,-684,-361,-733,-129,-296,337,-304,-459,-918,108,755,-772,-25,488,-920,644,-714,-247,190,-679,-460,157,529,-274,-94,-449,468,738,217,35,-449,392,-293,242,6,990,-641,953,-969,278,487,-321,573,914,611,-281,-279,143,491,-734,-892,423,-87,1000,100,-465,-911,-210,-600,255,254,-950,936,69,-705,961,-906,218,49,750,437,656,939,-742,-555,-569,-845,951,-177,-667,113,14,554,247,-211,99,-905,-747,-668,-850,524,-935,384,-670,439,-781,-34,-129,338,480,662,329,498,-362,644,30,-826,-706,-441,916,33,801,-616,690,-817,-139,76,-537,-896,270,176,299,437,205,938,683,741,-747,802,772,-983,-261,-205,452,-985,-368,-243,-97,-141,204,612,-454,996,623,223,-499,700,-572,-91,-879,71,987,-992,715,-919,45,-466,514,-874,471,715,929,604,-387,-527,-139,-566,-67,-451,-603,140,-568,-1,-749,-684,-14,-707,217,-957,-221,7,-953,-546,447,-715,818,-998,381,-226,875,-294,597,-600,-297,391,911,61,-455,51,946,-836,-724,-211,631,-72,314,784,454,-277,-302,-956,472,-914,749,111,773,-121,527,337,-168,-545,-347,-464,560,-311,-525,112,-355,-545,-690,35,721,516,465,-605,517,-55,925,-117,962,-940,-136,-901,527,-838,-966,-708,668,-871,-182,-250,-318,-199,-283,-175,-11,-837,166,977,-126,-305,-730,381,-166,-779,-416,-572,700,798,284,-619,-736,767,661,907,-267,-243,506,403,344,32,-537,102,513,-122,740,-824,-723,440,-744,888,1,-351,-488,-177,-688,484,-29,-451,759,733,-286,-637,397,-464,-181,387,860,261,553,984,-265,-198,-65,-57,-699,-374,899,-990,-750,-650,-839,-56,-452,304,293,510,-572,-872,891,285,424,-931,-682,83,55,-238,-792,-199,802,-675,848,-966,-38,-977,638,706,452,-915,-202,256,338,48,-538,-366,506,444,-639,485,-918,292,362,-363,-492,417,-816,711,307,-637,-369,137,-669,-277,897,443,-457,-503,300,-950,-519,70,685,-428,499,770,-863,-31,825,-568,13,-390,-158,18,206,-9,383,388,-654,-169,-976,-454,316,-73,-777,533,629,397,-249,-385,-462,-365,-471,-347,-633,734,907,-856,-95,555,-311,670,-114,705,433,-333,149,-671,568,715,-164,418,622,-100,504,968,659,223,-914,466,634,923,946,-548,-395,-171,842,-566,-488,-412,-897,19,790,-698,156,-901,-643,442,491,-688,820,583,111,341,-961,-807,-805,-7,-761,894,-627,665,20,-963,873,633,245,-427,-217,893,798,159,-27,907,973,-6,-693,659,872,-443,587,344,-508,105,-605,-892,794,-744,87,157,-796,-753,-720,366,971,384,617,-22,-399,637,-887,-542,-303,-3,-52,325,-788,750,329,759,963,-704,-400,471,905,447,-755,-516,-913,90,762,-760,496,-992,-387,-275,574,-983,-243,355,-135,274,-932,148,-331,-143,-798,-835,805,-198,81,-637,-867,522,-441,199,-37,501,-150,53,-333,-807,644,985,-233,-87,393,-608,807,-853,-456,838,-836,-323,-142,-479,26,60,381,-457,807,135,-423,-283,960,-84,848,-50,357,-678,899,-629,-180,-451,-874,381,-454,-766,-293,-301,860,772,140,-421,-887,443,223,337,705,-281,-488,204,399,-57,861,962,-505,233,-98,-456,-284,693,274,734,433,570,-256,686,-670,-991,743,33,1000,815,-805,723,-419,-132,-435,78,-330,-876,-973,649,826,932,-10,123,821,213,278,267,-628,-194,153,-744,285,-648,29,212,734,-558,-865,383,-79,763,-427,806,740,-747,35,-697,623,612,-294,339,-523,972,523,858,336,-357,194,713,140,360,-642,-121,739,-364,-988,-773,-432,-219,831,-471,861,-756,616,24,876,-271,813,328,-6,765,161,359,-211,-919,-200,-588,-12,-734,442,-841,70,-218,-512,312,-417,-467,825,370,864,-657,372,-504,-275,-475,-543,-895,198,898,453,130,-182,-96,749,-260,-986,717,598,11,-213,-368,844,-875,-633,-793,-651,-57,-533,235,139,860,-934,-539,829,474,-127,47,574,-947,-886,-217,-297,249,894,413,-607,717,748,589,-884,-826,-856,-935,-244,94,465,38,-124,651,-801,-705,784,-591,-736,308,943,-481,-961,347,-396,877,-300,246,-349,60,470,-130,-896,-771,875,278,-244,578,920,-310,5,-194,-466,-765,762,-545,-97,413,651,753,-65,-455,307,-264,218,-165,190,-50,479,-354,-418,-501,168,-362,324,119,412,526,-757,312,-953,-499,-139,-230,852,-434,-28,-948,868,-576,-204,-105,-349,-665,342,-654,-357,-408,371,556,788,358,290,32,-35,-772,-203,-808,154,483,387,-396,-893,381,-550,230,-444,100,-781,-870,568,-697,-255,-71,-308,607,393,540,-321,-455,-413,139,324,454,-128,215,880,314,-91,-706,-991,-173,432,-917,-404,-331,-401,734,806,-83,-380,357,337,-220,-518,647,688,-411,-165,94,-710,-247,880,-867,207,-400,110,718,677,112,378,775,775,-943,230,-858,-935,752,-652,-436,673,-101,73,-125,-545,626,-24,332,-419,135,978,-22,-553,909,-338,77,551,-468,-563,35,-304,-948,-473,640,302,-347,254,-784,367,427,-945,-367,-709,612,574,-373,-956,-501,977,969,-249,776,468,252,146,-514,-549,459,-256,-964,471,-74,542,-822,-978,-455,217,-598,261,-558,318,470,-696,-376,-684,-730,-321,602,-761,-351,-963,82,19,-304,669,-27,120,-654,-816,-912,-893,-235,-947,525,-52,202,-136,-876,608,-429,-809,982,346,-56,-883,304,-344,361,39,204,-637,-982,-530,-358,-866,-740,277,-342,-27,376,317,197,68,-483,43,-752,-124,-372,301,-698,-489,487,-104,587,-659,65,-185,-584,-114,241,-948,-76,877,859,-432,-900,779,652,900,273,-24,-40,-791,-130,-388,301,146,-469,-786,183,-570,201,168,231,-225,610,-247,-125,490,24,-506,-426,359,73,-424,786,908,-557,407,885,211,-325,670,-96,-147,978,289,-106,734,-761,-392,-313,-767,959,731,-233,278,-710,-254,651,-656,-534,-395,-662,-614,-798,-703,519,-571,-37,-803,247,599,892,247,349,222,813,196,-319,-780,-137,391,796,-63,-852,-609,598,234,207,-183,-829,74,-385,-226,560,512,935,904,-113,-579,290,-623,-845,311,-725,-904,-64,-712,545,658,14,862,280,17,530,838,-809,-920,837,-612,747,-148,-274,55,818,-101,-771,-266,351,-316,-466,353,-873,-587,619,700,-202,423,256,-58,-299,468,-347,-454,-656,-975,703,638,399,216,-842,-634,-828,643,-219,-489,484,698,495,-640,318,-948,-906,-579,-577,877,-942,-928,36,-724,-158,811,-198,-812,-280,817,-162,987,576,-899,-556,-108,-615,136,-167,887,-675,303,881,706,-432,178,-165,-127,943,-64,170,-451,-494,-86,-738,-943,-329,-114,-222,-344,601,-906,-892,0,-163,-753,893,-319,-452,72,-198,-351,953,-620,-597,891,803,551,-990,-108,621,-846,858,191,376,-193,-518,413,-938,-231,-914,-512,739,880,632,981,473,984,-212,625,-763,830,-526,-851,-530,-397,15,-463,-599,-217,574,-746,609,327,353,557,-862,-636,-850,-571,-291,496,437,-425,-965,814,676,7,512,-524,842,-356,931,-462,-768,-68,973,-906,473,754,186,-925,-154,703,91,-585,-885,-663,-255,-708,603,-354,693,-488,340,670,-628,445,-765,650,232,-543,-930,-262,972,674,-270,-671,671,257,-156,-657,212,-352,-996,-281,246,794,333,-133,646,-713,488,-224,931,-324,153,869,-949,-144,-624,-237,767,-915,82,637,-89,-615,269,577,347,428,534,99,598,705,966,62,195,642,73,69,162,-148,289,-371,370,852,804,-10,40,246,-276,582,361,102,-95,507,501,-647,-938,-910,526,837,-362,-405,-446,-773,-815,-705,-85,-156,-352,-293,910,671,-748,975,319,100,-607,-285,-393,-937,-334,985,-7,-705,862,-372,460,-192,-433,-874,-708,-640,-240,498,111,171,124,-567,695,948,-303,531,202,968,-80,209,78,-250,-723,-338,55,108,-537,274,-255,-439,-854,-113,457,-545,-483,-616,-245,-322,-951,695,110,952,549,-680,849,179,-750,87,57,-286,471,586,478,50,629,194,-675,320,-509,690,873,543,-771,574,553,-693,-883,-439,961,-305,435,718,-260,17,392,-379,848,-29,411,920,-620,738,218,-770,399,-976,261,-739,-569,-381,-79,412,781,823,-875,-340,-510,246,-659,-867,513,-134,471,-768,515,925,-180,-663,860,456,79,882,-925,-520,785,-453,-538,487,103,391,-259,-197,-410,432,96,555,438,-205,-203,385,-376,231,-520,27,949,-235,113,62,-702,847,-814,-175,784,-562,421,-909,31,688,775,818,868,450,-556,-21,-611,-80,-428,-69,134,418,973,-817,-721,232,678,-749,-731,260,-240,385,-89,259,-957,388,949,882,825,512,-500,676,-784,240,713,293,-656,195,22,-805,68,-341,-215,-350,254,950,606,285,-130,429,314,212,551,-367,631,-743,911,-343,-705,246,-535,-427,277,314,-755,158,-942,246,80,-476,-109,-53,-745,756,-998,814,563,368,298,145,613,700,-774,-945,140,153,-982,263,-756,-665,174,730,918,662,761,900,856,618,821,409,-141,-636,94,-768,545,-434,722,191,-719,-613,-625,750,151,-169,154,105,-648,562,-48,536,-717,-100,-523,-995,-762,-458,799,-892,-166,-643,-161,620,494,-6,-767,2,-388,537,-367,0,-490,831,475,-855,-40,-531,-750,92,617,-3,-118,589,415,346,722,-465,310,-966,-525,75,-121,218,-873,992,844,151,-891,-494,898,990,588,-465,-652,-651,128,666,-377,-701,248,-859,-606,-369,-518,361,-222,383,863,936,-557,366,14,-260,812,-519,-143,359,-623,32,532,-594,-970,923,79,828,725,881,826,-693,998,-25,501,-843,-523,-253,169,-524,-963,927,-106,-800,107,-201,-786,756,53,347,-240,773,-315,434,-553,9
# 00,786,156]
# [-46,-826,-350,956,522,361,939,-877,964,-617,460,285,-513,575,-923,366,762,792,872,-972,71,980,-934,302,-162,235,-926,-713,-347,-403,275,-141,200,200,8,38,-688,127,-992,258,-671,423,237,-741,-89,-960,106,-673,152,779,531,118,-411,558,-129,-222,-574,-278,-185,757,-584,-581,-799,-562,373,492,-831,572,-708,909,698,239,-769,-260,-646,-717,-777,-948,-68,410,-96,505,-408,-797,-486,46,-25,-445,590,-655,-795,510,279,642,476,-813,-472,-597,-121,374,-459,836,-577,-84,-964,-326,-631,-166,-759,-583,698,-302,-756,172,900,346,579,204,-121,-41,-85,-455,-701,-366,204,-10,-122,-502,259,379,-227,-900,677,13,-547,-303,-187,311,345,-855,-512,577,43,-468,-497,12,-1000,-697,-558,-614,502,-901,327,-922,-218,-449,-359,-935,-198,131,-566,242,-852,-166,911,-820,-119,-584,-630,726,186,135,238,218,-724,-524,-286,996,721,-839,751,940,-748,964,241,570,116,-418,116,-586,-28,113,339,-83,240,-798,446,-453,648,505,-865,-188,-809,830,109,733,659,-119,-547,-891,78,-233,526,58,429,834,-368,-585,-865,-514,-104,-771,304,-379,901,-188,-11,196,-156,0,-299,616,749,585,298,-218,559,-64,-67,-237,-541,-944,520,848,-915,-52,-385,-775,911,-665,110,-808,-723,964,-152,184,320,508,224,-713,-40,-886,386,-947,629,-787,309,991,-961,921,-439,703,-935,733,244,608,-69,-22,999,-432,-706,134,857,-369,166,763,287,-349,-116,-187,-567,-688,213,712,-787,768,793,-801,-784,-605,974,-771,-272,-638,-93,165,692,-60,6,-555,219,932,-312,-892,-921,-587,-716,-380,958,-600,268,-287,-941,601,-36,-851,201,537,276,-453,-681,-186,251,192,-349,-818,163,691,-216,260,838,-240,-550,104,647,-572,-767,-764,-340,649,697,-445,881,184,-66,728,-864,672,-83,77,641,-254,304,717,-380,910,551,215,-661,378,520,-733,26,164,-237,-414,-669,344,379,397,-818,739,224,-213,897,-729,-775,927,-788,290,-27,-598,169,-443,-700,-946,-325,789,719,-657,-360,139,-745,-809,649,-33,119,-360,514,-53,138,906,389,510,373,111,-635,-656,75,-527,391,504,916,418,-147,-2,613,781,-325,72,824,440,-226,-424,-880,-252,-128,226,47,-105,-458,-490,-79,-593,185,114,57,901,626,365,-566,-646,864,916,336,-891,176,580,548,12,168,-140,-623,-152,30,-107,638,-380,814,-901,271,-62,-576,-837,362,249,-796,-146,-455,-215,874,695,-279,330,-65,930,132,78,-195,-596,883,-749,-608,-459,792,-487,-760,-769,160,228,-240,492,807,-26,203,-552,-280,-338,-572,-323,-551,548,705,628,-668,10,565,612,-721,-344,-264,417,690,830,800,-837,-993,-596,-882,-447,356,492,-579,3,74,319,-225,-825,-115,82,847,422,-509,-461,-554,577,547,377,77,-397,99,452,362,831,-479,44,495,617,968,937,-844,-759,-66,-472,12,-300,846,-735,-66,176,-219,-792,687,508,-948,818,911,-475,-86,-285,-838,859,893,889,-774,-810,101,-682,974,-754,828,-751,672,-843,-661,177,-96,683,616,-24,-277,64,403,584,-813,-387,658,-183,661,891,2,-452,-210,-494,199,-51,834,-381,-447,490,-187,262,-876,-932,138,678,701,34,-281,-323,-345,-353,7,-535,-248,-405,-392,768,-236,16,860,685,-838,-7,-543,-772,-887,146,-291,916,-435,-77,69,915,89,842,46,-463,198,940,971,300,853,839,-552,-424,-169,-305,-889,130,-703,-66,-709,-818,821,134,-599,-504,-402,-392,170,882,-383,-714,648,609,143,117,-206,998,51,480,-130,465,-519,-989,452,-454,751,-966,-846,-468,810,-462,-879,70,-548,968,-847,565,59,773,-395,900,850,659,-580,-162,966,-400,951,-830,837,889,601,48,652,453,-299,315,934,958,-951,-933,846,494,-76,384,-244,-943,994,650,487,805,-509,-734,-80,-749,570,-853,-269,125,217,865,-921,906,-334,-158,376,-936,-690,-353,670,-710,-14,-813,-677,892,-216,-921,349,-442,690,793,27,4,560,825,-499,-16,-269,-669,546,546,-713,963,-767,571,-735,-564,129,651,-490,124,1000,-716,340,300,-646,-860,-209,470,89,425,-395]
